[telescope]
TelescopeDiameter = 39.0
zenithAngle = 30
obscurationRatio = 0.3
resolution = 400
path_pupil = '/home/omartin/Projects/MOSAIC/AOsimulations/DATA/EELT480pp0.0813spider.fits'
path_static = []

[atmosphere]
atmosphereWavelength = 500e-9
seeing = 0.6481055880228512
L0 = 50
Cn2Weights = [0.24200001, 0.12, 0.09689999, 0.059, 0.0473, 0.0473, 0.0473, 0.0473, 0.0399, 0.0324, 0.0162, 0.026099999, 0.0156, 0.0104, 0.01, 0.012, 0.00401, 0.0139999995, 0.012999999, 0.00701, 0.016, 0.025899999, 0.0191, 0.00987, 0.00617, 0.00401, 0.00247, 0.0021600001, 0.00185, 0.0013600001, 0.0011100001, 0.00061700004, 0.000926, 0.00049400004, 0.000432]
Cn2Heights = [30.0, 90.0, 150.0, 200.0, 245.0, 300.0, 390.0, 600.0, 1130.0, 1880.0, 2630.0, 3500.0, 4500.0, 5500.0, 6500.0, 7500.0, 8500.0, 9500.0, 10500.0, 11500.0, 12500.0, 13500.0, 14500.0, 15500.0, 16500.0, 17500.0, 18500.0, 19500.0, 20500.0, 21500.0, 22500.0, 23500.0, 24500.0, 25500.0, 26500.0]
wSpeed = [5.5, 5.5, 5.1, 5.5, 5.6, 5.7, 5.8, 6.0, 6.5, 7.0, 7.5, 8.5, 9.5, 11.5, 17.5, 23.0, 26.0, 29.0, 32.0, 27.0, 22.0, 14.5, 9.5, 6.3, 5.5, 6.0, 6.5, 7.0, 7.5, 8.0, 8.5, 9.0, 9.5, 10.0, 10.0]
wDir = [-19.571825, -174.84338, 29.129595, -28.166183, 132.83495, 156.3262, -28.166183, -0.09125132, 23.40001, -142.75775, -43.63604, 22.827053, -60.824783, 32.56734, 115.64621, -150.20619, 96.165665, -23.009567, -113.5369, -123.85014, 18.243393, -116.97463, 33.713253, -10.404495, 174.08789, 167.21242, -40.771255, -163.95717, 109.91663, 8.503107, -37.33351, 166.63948, -69.99211, 73.82028, -111.81802]
nLayersReconstructed = 6

[PSF_DIRECTIONS]
ScienceWavelength = [500e-09, 640e-09, 890e-9, 1.2e-06, 1.65e-06, 2.17e-06]
ScienceZenith = [0]
ScienceAzimuth = [0]
psInMas = 0
psf_FoV = 800
technical_FoV = 666.0

[GUIDESTARS_HO]
GuideStarZenith_HO = [222.0, 222.0, 222.0, 222.0, 150.0, 150.0, 150.0, 150.0]
GuideStarAzimuth_HO = [0.0, 90.0, 180.0, 270.0, 0.0, 90.0, 180.0, 270.0]
GuideStarHeight_HO = 90e3 #m

[DM]
DmPitchs = [0.6]
DmHeights = [600]
OptimizationZenith = [[0]]
OptimizationAzimuth = [[0]]
OptimizationWeight = [[1]]
OptimizationConditioning = 1.0e2

[SENSOR_HO]
nLenslet_HO = 64
SensingWavelength_HO = 589e-9
loopGain_HO = 0.5
SensorFrameRate_HO = 500
loopDelaySteps_HO = 2
nph_HO = 500
sigmaRON_HO = 0
Npix_per_subap_HO = 8
pixel_scale_HO = 3.1
loopGain = 0.5

[SENSOR_LO]
N_sa_tot_LO = 4
SensingWavelength_LO = 1650*1e-9
SensorFrameRate_LO = 50.0
loopDelaySteps_LO = 2
pixel_scale_LO = 40.0
Npix_per_subap_LO = 50
WindowRadiusWCoG_LO = 2
sigmaRON_LO = 0.5
ExcessNoiseFactor_LO = 1.3
Dark_LO = 30.0
skyBackground_LO = 35.0
ThresholdWCoG_LO = 0.0
NewValueThrPix_LO = 0.0
SensorFrameRate_HO = 0.1

