[telescope]
TelescopeDiameter = 39
ZenithAngle = 30
ObscurationRatio = 0.28
Resolution = 1024
PathPupil = '/aoSystem/data/ELT_CALIBRATION/EELT480pp0.0813spider.fits'
PathStaticOn = '/aoSystem/data/ELT_CALIBRATION/CombinedError_Wavefront_nm.fits'
PathApodizer = ''
PathStatModes = ''
PupilAngle = 0.0

[atmosphere]
Wavelength = 500e-9
Seeing = 0.5716436928066722
L0 = 25
Cn2Weights = [0.25100002, 0.116000004, 0.0956, 0.0584, 0.037, 0.037, 0.037, 0.037, 0.0325, 0.0347, 0.0174, 0.03, 0.018, 0.012, 0.012999999, 0.0156, 0.00521, 0.0182, 0.016900001, 0.00912, 0.0187, 0.030299999, 0.0223, 0.0115, 0.0072000003, 0.00468, 0.0028799998, 0.00252, 0.0021600001, 0.00158, 0.0013, 0.00071999995, 0.0010800001, 0.00057599996, 0.000504]
Cn2Heights = [30.0, 90.0, 150.0, 200.0, 245.0, 300.0, 390.0, 600.0, 1130.0, 1880.0, 2630.0, 3500.0, 4500.0, 5500.0, 6500.0, 7500.0, 8500.0, 9500.0, 10500.0, 11500.0, 12500.0, 13500.0, 14500.0, 15500.0, 16500.0, 17500.0, 18500.0, 19500.0, 20500.0, 21500.0, 22500.0, 23500.0, 24500.0, 25500.0, 26500.0]
WindSpeed = [5.5, 5.5, 5.1, 5.5, 5.6, 5.7, 5.8, 6.0, 6.5, 7.0, 7.5, 8.5, 9.5, 11.5, 17.5, 23.0, 26.0, 29.0, 32.0, 27.0, 22.0, 14.5, 9.5, 6.3, 5.5, 6.0, 6.5, 7.0, 7.5, 8.0, 8.5, 9.0, 9.5, 10.0, 10.0]
WindDirection = [-19.571825, -174.84338, 29.129595, -28.166183, 132.83495, 156.3262, -28.166183, -0.09125132, 23.40001, -142.75775, -43.63604, 22.827053, -60.824783, 32.56734, 115.64621, -150.20619, 96.165665, -23.009567, -113.5369, -123.85014, 18.243393, -116.97463, 33.713253, -10.404495, 174.08789, 167.21242, -40.771255, -163.95717, 109.91663, 8.503107, -37.33351, 166.63948, -69.99211, 73.82028, -111.81802]

[sources_science]
Wavelength = [500e-09, 640e-09, 890e-9, 1.2e-06, 1.65e-06, 2.17e-06]
Zenith = [0]
Azimuth = [0]

[sources_HO]
Wavelength = 589e-9
Zenith = [222.0, 222.0, 222.0, 222.0]
Azimuth = [0.0, 90.0, 180.0, 270.0]
Height = 90e3

[sensor_science]
PixelScale = 120
FiedOfView = 2048
Binning = 1
NumberPhotons = [1500]
SpotFWHM = [[0.0, 0.0, 0.0]]
SpectralBandwidth = 0.0
Transmittance = [1.0]
Dispersion = [[0.0],[0.0]]
SigmaRON = [0.0]
Dark = 0.0
SkyBackground = 0.0
Gain = 1.0
ExcessNoiseFactor = 1.0

[sensor_HO]
WfsType = 'Shack-Hartmann'
Modulation = None
PixelScale = 3.1
FiedOfView = 512
Binning = 1
NumberPhotons = [500, 500, 500, 500]
SpotFWHM = [[0.0,0.0,0.0]]
SpectralBandwidth = 0.0
Transmittance = [1.0]
Dispersion = [[0.0],[0.0]]
SigmaRON = 0.0
Dark = 0.0
SkyBackground = 0.0
Gain = 1.0
ExcessNoiseFactor = 1.0
NumberLenslets = [64, 64, 64, 64]
SizeLenslets = [0.6, 0.6, 0.6, 0.6]
NoiseVariance = [None]
Algorithm = 'wcog'
WindowRadiusWCoG = 8
ThresholdWCoG = 0.0
NewValueThrPix = 0.0

[DM]
NumberActuators = [65]
DmPitchs = [0.6]
InfModel = 'gaussian'
InfCoupling = [0.4]
DmHeights = [600.0]
OptimizationZenith = [212.13203435596427, 167.70509831248424, 150.0, 167.70509831248424, 212.13203435596427, 167.70509831248424, 106.06601717798213, 75.0, 106.06601717798213, 167.70509831248424, 150.0, 75.0, 0.0, 75.0, 150.0, 167.70509831248424, 106.06601717798213, 75.0, 106.06601717798213, 167.70509831248424, 212.13203435596427, 167.70509831248424, 150.0, 167.70509831248424, 212.13203435596427]
OptimizationAzimuth = [-135.0, -116.56505117707799, -90, -63.43494882292201, -45.0, -153.43494882292202, -135.0, -90, -45.0, -26.56505117707799, 180.0, 180.0, 90, 0.0, 0.0, 153.43494882292202, 135.0, 90, 45.0, 26.56505117707799, 135.0, 116.56505117707799, 90, 63.43494882292201, 45.0]
OptimizationWeight = [1, 1, 1, 1, 1, 1, 1, 1, 1, 1, 1, 1, 1, 1, 1, 1, 1, 1, 1, 1, 1, 1, 1, 1, 1]
OptimizationConditioning = 1.0e2
NumberReconstructedLayers = 1
AoArea = 'circle'

[RTC]
LoopGain_HO = 0
SensorFrameRate_HO = 500.0
LoopDelaySteps_HO = 2

